NGC_1275/tables/sens-N-MST-Az-60deg-50h.csv
# %ECSV 1.0
# ---
# datatype:
# - {name: energy, unit: TeV, datatype: float64, format: 5g, description: Reconstructed Energy}
# - {name: e_ref, unit: TeV, datatype: float64, format: 5g, description: Energy center}
# - {name: e_min, unit: TeV, datatype: float64, format: 5g, description: Energy edge low}
# - {name: e_max, unit: TeV, datatype: float64, format: 5g, description: Energy edge high}
# - {name: e2dnde, unit: erg / (s cm2), datatype: float64, format: 5g, description: Energy squared times differential flux}
# - {name: excess, datatype: float64, format: 5g, description: Number of excess counts in the bin}
# - {name: background, datatype: float64, format: 5g, description: Number of background counts in the bin}
# - {name: criterion, datatype: string, description: Sensitivity-limiting criterion}
# - {name: on_radii, unit: deg, datatype: float64, format: .3e}
# meta: !!omap
# - {source: NGC 1275}
# - {offset: 0.5 deg}
# - {on_region_radius: 0.11deg}
# - {livetime: 50.0 h}
# - {site: North-MSTSubArray}
# - {'azimuth-averaged ': AverageAz}
# - {zenith-angle: 60.0 deg}
# - {obs_time: 50.0 h}
# - {irfs_label: North-MSTSubArray (60deg-50h)}
# - irfs_config: [North-MSTSubArray, AverageAz, 60deg, 50h]
# - {int_sens: 2.444677214317817e-12 1 / (s cm2)}
# schema: astropy-2.0
energy e_ref e_min e_max e2dnde excess background criterion on_radii
0.10975028199737244 0.10975028199737244 0.10000000000000002 0.12045124398502766 inf 10.0 0.0 gamma 0.00024999999999999995
0.1321955799429109 0.1321955799429109 0.12045124398502766 0.14508502177540658 inf 10.0 1.524675254481305e-13 gamma 0.00024999999999999995
0.15923122053445785 0.15923122053445785 0.14508502177540658 0.17475671356442543 1.6531033267831551e-09 23.70064324577665 14.344531115433284 significance 0.6597500000000001
0.19179598594629724 0.19179598594629724 0.17475671356442543 0.21049663543570193 1.6441075667860786e-10 122.27545496600388 528.2283378714592 significance 0.6597500000000001
0.2310206509856638 0.2310206509856638 0.21049663543570193 0.2535458159289315 3.044925218324831e-11 158.67829646540676 905.1441911022362 significance 0.41275
0.27826724797454105 0.27826724797454105 0.2535458159289315 0.3053990893583862 5.26492373780092e-12 97.56263121574818 329.88457961150834 significance 0.16725
0.33517636178823623 0.33517636178823623 0.3053990893583862 0.3678570022511224 2.575961146039925e-12 110.70910172532737 429.60527449856846 significance 0.16375000000000003
0.4037240973176873 0.4037240973176873 0.3678570022511224 0.443088335297508 2.0564204951516437e-12 118.03723411866727 490.90712393602735 significance 0.15975
0.48629069748647796 0.48629069748647796 0.443088335297508 0.5337054118183987 1.3860996059007009e-12 111.90277167878381 439.3117209529103 significance 0.15275
0.5857431945059303 0.5857431945059303 0.5337054118183987 0.6428548077506759 1.133267790163702e-12 100.98859161380649 354.60319542887487 significance 0.14575000000000002
0.705534964340033 0.705534964340033 0.6428548077506759 0.774326612953247 1.0211596987732995e-12 86.75807295395668 257.78527563178733 significance 0.13875000000000004
0.8498256412968906 0.8498256412968906 0.774326612953247 0.9326860378093157 8.976263435870217e-13 71.14637480192155 169.31548869115065 significance 0.13175000000000003
1.0236255566458432 1.0236255566458432 0.9326860378093157 1.1234319350159858 7.900422281555748e-13 59.236855121195866 114.30823624469352 significance 0.12525
1.2329697167285818 1.2329697167285818 1.1234319350159858 1.3531877410518223 7.365871735247865e-13 51.65365290104782 84.91172458096518 significance 0.12225
1.4851273617582483 1.4851273617582483 1.3531877410518223 1.6299314675498144 6.743345158048139e-13 44.9669296915737 62.62284479555215 significance 0.11875
1.7888543819998315 1.7888543819998315 1.6299314675498144 1.9632727287671683 6.205353220180018e-13 38.031058611437494 43.09900059642584 significance 0.11675
2.1546973561994753 2.1546973561994753 1.9632727287671683 2.3647864246188517 6.293619271654226e-13 31.059326486846647 27.161571463749425 significance 0.11474999999999999
2.59535976965477 2.59535976965477 2.3647864246188517 2.8484146660424647 5.606069210964639e-13 26.076646932986602 18.033885644542867 significance 0.11274999999999999
3.126143128436118 3.126143128436118 2.8484146660424647 3.430950899100119 6.440964328767446e-13 22.697418990562245 12.91518416830773 significance 0.11025000000000001
3.7654782869537646 3.7654782869537646 3.430950899100119 4.132623038481584 5.65618356523309e-13 20.174669094578245 9.657351115379765 significance 0.10775000000000001
4.535565438621917 4.535565438621917 4.132623038481584 4.977795859062913 5.355900064055534e-13 18.76926614535782 8.05092856521713 significance 0.10675000000000001
5.4631449925750735 5.4631449925750735 4.977795859062913 5.995817035276474 6.462079294375962e-13 18.08035551464785 7.3178659538080915 significance 0.10675000000000001
6.580426104262422 6.580426104262422 5.995817035276474 7.222036206056712 5.468315034295908e-13 16.652806874238422 5.912500737996713 significance 0.10575000000000001
7.9262051020995745 7.9262051020995745 7.222036206056712 8.6990324512444 6.166091696471596e-13 14.374847641449733 3.9865314319250285 significance 0.10275000000000001
9.547212646283667 9.547212646283667 8.6990324512444 10.478092802185127 6.6113319019301e-13 12.433280087043428 2.6505086767185335 significance 0.09925
11.499736398344554 11.499736398344554 10.478092802185127 12.62099312613762 7.71380842009251e-13 11.50304939507404 2.10928350620239 significance 0.09675
13.851575546805027 13.851575546805027 12.62099312613762 15.202143223697599 7.616092739405698e-13 11.07226601771599 1.880200740902794 significance 0.09375
16.684395057652548 16.684395057652548 15.202143223697599 18.311170625329332 1.0034701433239746e-12 10.569078152067622 1.629807657715341 significance 0.09075
20.096561398318965 20.096561398318965 18.311170625329332 22.056032806430153 8.993365329309108e-13 10.0 1.3625356169891243 gamma 0.08775000000000001
24.206558202490054 24.206558202490054 22.056032806430153 26.56676588909091 1.1602164549433962e-12 10.0 1.117129685217729 gamma 0.08474999999999999
29.157100480859015 29.157100480859015 26.56676588909091 32.0 1.3111920436237224e-12 10.0 0.951401308483578 gamma 0.08474999999999999
