NGC_1275/tables/sens-S-Az-60deg-50h.csv
# %ECSV 1.0
# ---
# datatype:
# - {name: energy, unit: TeV, datatype: float64, format: 5g, description: Reconstructed Energy}
# - {name: e_ref, unit: TeV, datatype: float64, format: 5g, description: Energy center}
# - {name: e_min, unit: TeV, datatype: float64, format: 5g, description: Energy edge low}
# - {name: e_max, unit: TeV, datatype: float64, format: 5g, description: Energy edge high}
# - {name: e2dnde, unit: erg / (s cm2), datatype: float64, format: 5g, description: Energy squared times differential flux}
# - {name: excess, datatype: float64, format: 5g, description: Number of excess counts in the bin}
# - {name: background, datatype: float64, format: 5g, description: Number of background counts in the bin}
# - {name: criterion, datatype: string, description: Sensitivity-limiting criterion}
# - {name: on_radii, unit: deg, datatype: float64, format: .3e}
# meta: !!omap
# - {source: NGC 1275}
# - {offset: 0.5 deg}
# - {on_region_radius: 0.11deg}
# - {livetime: 50.0 h}
# - {site: South}
# - {'azimuth-averaged ': AverageAz}
# - {zenith-angle: 60.0 deg}
# - {obs_time: 50.0 h}
# - {irfs_label: South (60deg-50h)}
# - irfs_config: [South, AverageAz, 60deg, 50h]
# - {int_sens: 1.2613797358653494e-12 1 / (s cm2)}
# schema: astropy-2.0
energy e_ref e_min e_max e2dnde excess background criterion on_radii
0.10975028199737244 0.10975028199737244 0.10000000000000002 0.12045124398502766 inf 10.0 0.0 gamma 0.00024999999999999995
0.1321955799429109 0.1321955799429109 0.12045124398502766 0.14508502177540658 inf 10.0 3.315524178500278e-16 gamma 0.00024999999999999995
0.15923122053445785 0.15923122053445785 0.14508502177540658 0.17475671356442543 inf 10.0 0.03269122819979469 gamma 0.6597500000000001
0.19179598594629724 0.19179598594629724 0.17475671356442543 0.21049663543570193 1.6795389327297365e-10 21.640491780914186 11.491720359386118 significance 0.6597500000000001
0.2310206509856638 0.2310206509856638 0.21049663543570193 0.2535458159289315 2.6645553488093696e-11 106.20990529651377 393.9952728607711 significance 0.41225
0.27826724797454105 0.27826724797454105 0.2535458159289315 0.3053990893583862 3.357694649919011e-12 100.0598531659108 347.8139199022088 significance 0.16275
0.33517636178823623 0.33517636178823623 0.3053990893583862 0.3678570022511224 1.5264893261668555e-12 116.47222689516482 477.47183821594103 significance 0.15225
0.4037240973176873 0.4037240973176873 0.3678570022511224 0.443088335297508 1.2960678025258843e-12 122.58196459577164 530.9804847044691 significance 0.14175000000000001
0.48629069748647796 0.48629069748647796 0.443088335297508 0.5337054118183987 9.725161983527613e-13 111.76297955474791 438.1693754479635 significance 0.13375
0.5857431945059303 0.5857431945059303 0.5337054118183987 0.6428548077506759 8.514255260223708e-13 94.54425189002121 308.8476193652227 significance 0.12575000000000003
0.705534964340033 0.705534964340033 0.6428548077506759 0.774326612953247 8.016223933154549e-13 78.0844470768513 206.34078656938988 significance 0.11875
0.8498256412968906 0.8498256412968906 0.774326612953247 0.9326860378093157 7.800083744046177e-13 62.864346141690326 129.91870857485597 significance 0.11225000000000002
1.0236255566458432 1.0236255566458432 0.9326860378093157 1.1234319350159858 6.146312680808126e-13 51.48653548086089 84.31319911787341 significance 0.10575000000000001
1.2329697167285818 1.2329697167285818 1.1234319350159858 1.3531877410518223 5.194592119146878e-13 43.97925745695799 59.61911377403543 significance 0.10075
1.4851273617582483 1.4851273617582483 1.3531877410518223 1.6299314675498144 4.369299113238395e-13 37.53450262714488 41.84163175968777 significance 0.09525
1.7888543819998315 1.7888543819998315 1.6299314675498144 1.9632727287671683 3.5701689169342877e-13 30.415284274294272 25.875680064464873 significance 0.08925
2.1546973561994753 2.1546973561994753 1.9632727287671683 2.3647864246188517 3.5428987578335506e-13 23.6811157789456 14.315982031948238 significance 0.08324999999999999
2.59535976965477 2.59535976965477 2.3647864246188517 2.8484146660424647 2.8897033698615673e-13 18.991973183856285 8.29555734353397 significance 0.07775000000000001
3.126143128436118 3.126143128436118 2.8484146660424647 3.430950899100119 3.138445012203348e-13 16.16901654049866 5.470960230870599 significance 0.07475000000000001
3.7654782869537646 3.7654782869537646 3.430950899100119 4.132623038481584 2.62486428220308e-13 14.107042455833339 3.7855863296040138 significance 0.07175000000000001
4.535565438621917 4.535565438621917 4.132623038481584 4.977795859062913 2.45826322113426e-13 13.129053467171204 3.097104307029926 significance 0.06975
5.4631449925750735 5.4631449925750735 4.977795859062913 5.995817035276474 3.0030664589456776e-13 12.808420552222852 2.886846207295873 significance 0.06825000000000002
6.580426104262422 6.580426104262422 5.995817035276474 7.222036206056712 2.54713167612428e-13 12.01698360358526 2.400416478501992 significance 0.06675
7.9262051020995745 7.9262051020995745 7.222036206056712 8.6990324512444 2.844077417334768e-13 10.657660456466294 1.6725471874999027 significance 0.06475
9.547212646283667 9.547212646283667 8.6990324512444 10.478092802185127 3.360432432546695e-13 10.0 1.1437057321263613 gamma 0.06275
11.499736398344554 11.499736398344554 10.478092802185127 12.62099312613762 3.517203889012212e-13 10.0 0.8810823740040354 gamma 0.060750000000000005
13.851575546805027 13.851575546805027 12.62099312613762 15.202143223697599 3.7922883613587716e-13 10.0 0.7446106927196302 gamma 0.058750000000000004
16.684395057652548 16.684395057652548 15.202143223697599 18.311170625329332 4.403801099245031e-13 10.0 0.6215416912344488 gamma 0.05775
20.096561398318965 20.096561398318965 18.311170625329332 22.056032806430153 4.651865007720387e-13 10.0 0.49690049733287034 gamma 0.057249999999999995
24.206558202490054 24.206558202490054 22.056032806430153 26.56676588909091 5.409763124922207e-13 10.0 0.3959586487265834 gamma 0.05675000000000001
29.157100480859015 29.157100480859015 26.56676588909091 32.0 6.004284999544265e-13 10.0 0.3156034238578153 gamma 0.05525000000000001
