NGC_1275/tables/sens-N-LST-Az-20deg-50h_200.0h.csv
# %ECSV 1.0
# ---
# datatype:
# - {name: energy, unit: TeV, datatype: float64, format: 5g, description: Reconstructed Energy}
# - {name: e_ref, unit: TeV, datatype: float64, format: 5g, description: Energy center}
# - {name: e_min, unit: TeV, datatype: float64, format: 5g, description: Energy edge low}
# - {name: e_max, unit: TeV, datatype: float64, format: 5g, description: Energy edge high}
# - {name: e2dnde, unit: erg / (s cm2), datatype: float64, format: 5g, description: Energy squared times differential flux}
# - {name: excess, datatype: float64, format: 5g, description: Number of excess counts in the bin}
# - {name: background, datatype: float64, format: 5g, description: Number of background counts in the bin}
# - {name: criterion, datatype: string, description: Sensitivity-limiting criterion}
# - {name: on_radii, unit: deg, datatype: float64, format: .3e}
# meta: !!omap
# - {source: NGC 1275}
# - {offset: 0.5 deg}
# - {on_region_radius: 0.11deg}
# - {livetime: 200.0 h}
# - {site: North-LSTSubArray}
# - {'azimuth-averaged ': AverageAz}
# - {zenith-angle: 20.0 deg}
# - {obs_time: 50.0 h}
# - {irfs_label: North-LSTSubArray (20deg-50h)}
# - irfs_config: [North-LSTSubArray, AverageAz, 20deg, 50h]
# - {int_sens: 2.82093792746777e-12 1 / (s cm2)}
# schema: astropy-2.0
energy e_ref e_min e_max e2dnde excess background criterion on_radii
0.10975028199737244 0.10975028199737244 0.10000000000000002 0.12045124398502766 1.58067604208848e-12 680.0206433911658 6800.206433911657 bkg 0.14025000000000004
0.1321955799429109 0.1321955799429109 0.12045124398502766 0.14508502177540658 1.0873362333592018e-12 417.9573541668144 4179.573541668144 bkg 0.13175000000000003
0.15923122053445785 0.15923122053445785 0.14508502177540658 0.17475671356442543 7.34243980236821e-13 265.0245330002492 2584.5598604128054 significance 0.12325000000000001
0.19179598594629724 0.19179598594629724 0.17475671356442543 0.21049663543570193 6.439870584448907e-13 213.2120923692278 1658.7019911332056 significance 0.11575
0.2310206509856638 0.2310206509856638 0.21049663543570193 0.2535458159289315 5.718183658259876e-13 172.05755014098148 1069.0456531574582 significance 0.10825000000000001
0.27826724797454105 0.27826724797454105 0.2535458159289315 0.3053990893583862 4.739643904341425e-13 135.84099942140472 656.8848836587262 significance 0.10075
0.33517636178823623 0.33517636178823623 0.3053990893583862 0.3678570022511224 3.910714961423089e-13 105.9043818596965 391.63304925339384 significance 0.09425
0.4037240973176873 0.4037240973176873 0.3678570022511224 0.443088335297508 4.0804741477334404e-13 83.01869331516534 234.90372937754546 significance 0.08725000000000001
0.48629069748647796 0.48629069748647796 0.443088335297508 0.5337054118183987 3.372834973273772e-13 67.60118436536493 151.81185951557927 significance 0.08175000000000002
0.5857431945059303 0.5857431945059303 0.5337054118183987 0.6428548077506759 3.0267734901297134e-13 55.338192972818426 98.64804916564468 significance 0.07625000000000001
0.705534964340033 0.705534964340033 0.6428548077506759 0.774326612953247 2.921006226715541e-13 43.96534219111534 59.57732471807986 significance 0.07125000000000001
0.8498256412968906 0.8498256412968906 0.774326612953247 0.9326860378093157 2.453986282056809e-13 34.24167674292096 33.97806518379346 significance 0.06725
1.0236255566458432 1.0236255566458432 0.9326860378093157 1.1234319350159858 2.1866749701108945e-13 26.834207976848248 19.300183797348424 significance 0.06275
1.2329697167285818 1.2329697167285818 1.1234319350159858 1.3531877410518223 2.2621107550914905e-13 21.577851219070325 11.410008696907596 significance 0.058750000000000004
1.4851273617582483 1.4851273617582483 1.3531877410518223 1.6299314675498144 2.0504769741864005e-13 17.527171839938916 6.755094073157817 significance 0.05475000000000001
1.7888543819998315 1.7888543819998315 1.6299314675498144 1.9632727287671683 1.9027220227734057e-13 14.56217251892104 4.130267853984953 significance 0.052250000000000005
2.1546973561994753 2.1546973561994753 1.9632727287671683 2.3647864246188517 1.9278615638962299e-13 12.314924551070597 2.5781043674422306 significance 0.05075000000000001
2.59535976965477 2.59535976965477 2.3647864246188517 2.8484146660424647 1.9045208866671864e-13 10.703662937818134 1.6949683071045112 significance 0.04875
3.126143128436118 3.126143128436118 2.8484146660424647 3.430950899100119 2.220480321525832e-13 10.0 1.2779198118013733 gamma 0.04725
3.7654782869537646 3.7654782869537646 3.430950899100119 4.132623038481584 2.8227980746514586e-13 10.0 1.0247670460987504 gamma 0.04575
4.535565438621917 4.535565438621917 4.132623038481584 4.977795859062913 3.0480756418087356e-13 10.0 0.8481842376479012 gamma 0.042249999999999996
5.4631449925750735 5.4631449925750735 4.977795859062913 5.995817035276474 4.026846712561536e-13 10.0 0.7466030482985305 gamma 0.038250000000000006
6.580426104262422 6.580426104262422 5.995817035276474 7.222036206056712 5.581325726992131e-13 10.0 0.6058925364950989 gamma 0.03475
7.9262051020995745 7.9262051020995745 7.222036206056712 8.6990324512444 6.174144185051365e-13 10.0 0.4830561056956375 gamma 0.03325
9.547212646283667 9.547212646283667 8.6990324512444 10.478092802185127 6.320026529465212e-13 10.0 0.3794727959815776 gamma 0.03225
11.499736398344554 11.499736398344554 10.478092802185127 12.62099312613762 1.0840509874566782e-12 10.0 0.2613525842849204 gamma 0.02975
13.851575546805027 13.851575546805027 12.62099312613762 15.202143223697599 1.4293549623912817e-12 10.0 0.17313563064821133 gamma 0.027250000000000003
16.684395057652548 16.684395057652548 15.202143223697599 18.311170625329332 1.5139458419334028e-12 10.0 0.13031442555309175 gamma 0.02525
20.096561398318965 20.096561398318965 18.311170625329332 22.056032806430153 1.8577095676819238e-12 10.0 0.1262593619844171 gamma 0.02475
24.206558202490054 24.206558202490054 22.056032806430153 26.56676588909091 2.7649823953307512e-12 10.0 0.11651930835948968 gamma 0.02425
29.157100480859015 29.157100480859015 26.56676588909091 32.0 4.608386463420018e-12 10.0 0.10570737787854173 gamma 0.026750000000000003
