NGC_1275/tables/sens-N-Az-40deg-50h.csv
# %ECSV 1.0
# ---
# datatype:
# - {name: energy, unit: TeV, datatype: float64, format: 5g, description: Reconstructed Energy}
# - {name: e_ref, unit: TeV, datatype: float64, format: 5g, description: Energy center}
# - {name: e_min, unit: TeV, datatype: float64, format: 5g, description: Energy edge low}
# - {name: e_max, unit: TeV, datatype: float64, format: 5g, description: Energy edge high}
# - {name: e2dnde, unit: erg / (s cm2), datatype: float64, format: 5g, description: Energy squared times differential flux}
# - {name: excess, datatype: float64, format: 5g, description: Number of excess counts in the bin}
# - {name: background, datatype: float64, format: 5g, description: Number of background counts in the bin}
# - {name: criterion, datatype: string, description: Sensitivity-limiting criterion}
# - {name: on_radii, unit: deg, datatype: float64, format: .3e}
# meta: !!omap
# - {source: NGC 1275}
# - {offset: 0.5 deg}
# - {on_region_radius: 0.11deg}
# - {livetime: 50.0 h}
# - {site: North}
# - {'azimuth-averaged ': AverageAz}
# - {zenith-angle: 40.0 deg}
# - {obs_time: 50.0 h}
# - {irfs_label: North (40deg-50h)}
# - irfs_config: [North, AverageAz, 40deg, 50h]
# - {int_sens: 2.0383010484541248e-12 1 / (s cm2)}
# schema: astropy-2.0
energy e_ref e_min e_max e2dnde excess background criterion on_radii
0.10975028199737244 0.10975028199737244 0.10000000000000002 0.12045124398502766 1.4874344539709783e-12 252.16586065917514 2335.7014325739956 significance 0.12975
0.1321955799429109 0.1321955799429109 0.12045124398502766 0.14508502177540658 1.20060395872128e-12 208.5810453449868 1585.9056103924881 significance 0.12225
0.15923122053445785 0.15923122053445785 0.14508502177540658 0.17475671356442543 1.0411470453662899e-12 172.07615809422597 1069.28310554696 significance 0.11524999999999999
0.19179598594629724 0.19179598594629724 0.17475671356442543 0.21049663543570193 9.344024447359425e-13 140.4766616485575 704.0639360863821 significance 0.10825000000000001
0.2310206509856638 0.2310206509856638 0.21049663543570193 0.2535458159289315 7.979606209156226e-13 113.85797315673538 455.44515871160775 significance 0.10125
0.27826724797454105 0.27826724797454105 0.2535458159289315 0.3053990893583862 6.782347796916732e-13 92.34050294665435 293.926678025245 significance 0.09575
0.33517636178823623 0.33517636178823623 0.3053990893583862 0.3678570022511224 6.026000713162041e-13 74.68850414498728 187.76007626481282 significance 0.09125
0.4037240973176873 0.4037240973176873 0.3678570022511224 0.443088335297508 5.667610546227476e-13 60.84104601391885 121.08808694865104 significance 0.08675000000000001
0.48629069748647796 0.48629069748647796 0.443088335297508 0.5337054118183987 4.851982068616342e-13 51.316145597278435 83.70514262572769 significance 0.08425
0.5857431945059303 0.5857431945059303 0.5337054118183987 0.6428548077506759 4.463766315654226e-13 43.52654248086824 58.267120587287 significance 0.08175000000000002
0.705534964340033 0.705534964340033 0.6428548077506759 0.774326612953247 4.325189185924584e-13 36.48261958964669 39.24001482100089 significance 0.07925000000000001
0.8498256412968906 0.8498256412968906 0.774326612953247 0.9326860378093157 3.780756513604109e-13 30.258622271247535 25.567653741979893 significance 0.07675000000000001
1.0236255566458432 1.0236255566458432 0.9326860378093157 1.1234319350159858 3.4963476351461984e-13 25.395856614491134 16.933044931869563 significance 0.07425000000000001
1.2329697167285818 1.2329697167285818 1.1234319350159858 1.3531877410518223 3.3810510583448494e-13 22.053750371346055 12.038233322995485 significance 0.07325000000000001
1.4851273617582483 1.4851273617582483 1.3531877410518223 1.6299314675498144 3.1625394802702697e-13 19.25046581386372 8.584182954145518 significance 0.07175000000000001
1.7888543819998315 1.7888543819998315 1.6299314675498144 1.9632727287671683 3.2288635547701695e-13 17.18157489325869 6.415188775372205 significance 0.07075000000000002
2.1546973561994753 2.1546973561994753 1.9632727287671683 2.3647864246188517 3.1319860482969925e-13 15.56192374714005 4.941713325977468 significance 0.06975
2.59535976965477 2.59535976965477 2.3647864246188517 2.8484146660424647 3.148782351550751e-13 13.860119421396854 3.6050448097789136 significance 0.06875
3.126143128436118 3.126143128436118 2.8484146660424647 3.430950899100119 3.115848583164742e-13 12.101790626338294 2.450327490784592 significance 0.06825000000000002
3.7654782869537646 3.7654782869537646 3.430950899100119 4.132623038481584 2.978710713624322e-13 10.627333293234729 1.6578504421297309 significance 0.06775
4.535565438621917 4.535565438621917 4.132623038481584 4.977795859062913 3.209642257006984e-13 10.0 1.2548451282064854 gamma 0.06675
5.4631449925750735 5.4631449925750735 4.977795859062913 5.995817035276474 3.6479851677190134e-13 10.0 1.0576358992270651 gamma 0.06575
6.580426104262422 6.580426104262422 5.995817035276474 7.222036206056712 3.9578445850210166e-13 10.0 0.8986713474602146 gamma 0.06475
7.9262051020995745 7.9262051020995745 7.222036206056712 8.6990324512444 4.836295900083195e-13 10.0 0.7366669600077478 gamma 0.06225
9.547212646283667 9.547212646283667 8.6990324512444 10.478092802185127 5.627274707934815e-13 10.0 0.6010482952269759 gamma 0.06025
11.499736398344554 11.499736398344554 10.478092802185127 12.62099312613762 6.536674921529469e-13 10.0 0.4414580303407954 gamma 0.05775
13.851575546805027 13.851575546805027 12.62099312613762 15.202143223697599 7.262885719907556e-13 10.0 0.30175426422916857 gamma 0.05525000000000001
16.684395057652548 16.684395057652548 15.202143223697599 18.311170625329332 8.656702942514641e-13 10.0 0.2219904709293454 gamma 0.053250000000000006
20.096561398318965 20.096561398318965 18.311170625329332 22.056032806430153 1.0000859592406789e-12 10.0 0.17997932619227622 gamma 0.051750000000000004
24.206558202490054 24.206558202490054 22.056032806430153 26.56676588909091 1.2397311838712898e-12 10.0 0.1534591024902073 gamma 0.05025
29.157100480859015 29.157100480859015 26.56676588909091 32.0 1.701247061699521e-12 10.0 0.1406623629034645 gamma 0.04775000000000001
