NGC_1275/tables/sens-SSST-Az-60deg-50h.csv
# %ECSV 1.0
# ---
# datatype:
# - {name: energy, unit: TeV, datatype: float64, format: 5g, description: Reconstructed Energy}
# - {name: e_ref, unit: TeV, datatype: float64, format: 5g, description: Energy center}
# - {name: e_min, unit: TeV, datatype: float64, format: 5g, description: Energy edge low}
# - {name: e_max, unit: TeV, datatype: float64, format: 5g, description: Energy edge high}
# - {name: e2dnde, unit: erg / (s cm2), datatype: float64, format: 5g, description: Energy squared times differential flux}
# - {name: excess, datatype: float64, format: 5g, description: Number of excess counts in the bin}
# - {name: background, datatype: float64, format: 5g, description: Number of background counts in the bin}
# - {name: criterion, datatype: string, description: Sensitivity-limiting criterion}
# - {name: on_radii, unit: deg, datatype: float64, format: .3e}
# meta: !!omap
# - {source: NGC 1275}
# - {offset: 0.5 deg}
# - {on_region_radius: 0.11deg}
# - {livetime: 50.0 h}
# - {site: South-SSTSubArray}
# - {'azimuth-averaged ': AverageAz}
# - {zenith-angle: 60.0 deg}
# - {obs_time: 50.0 h}
# - {irfs_label: South-SSTSubArray (60deg-50h)}
# - irfs_config: [South-SSTSubArray, AverageAz, 60deg, 50h]
# - {int_sens: 9.669180179160842e-13 1 / (s cm2)}
# schema: astropy-2.0
energy e_ref e_min e_max e2dnde excess background criterion on_radii
0.10975028199737244 0.10975028199737244 0.10000000000000002 0.12045124398502766 inf 10.0 0.0 gamma 0.00024999999999999995
0.1321955799429109 0.1321955799429109 0.12045124398502766 0.14508502177540658 inf 10.0 0.0 gamma 0.00024999999999999995
0.15923122053445785 0.15923122053445785 0.14508502177540658 0.17475671356442543 inf 10.0 0.0 gamma 0.00024999999999999995
0.19179598594629724 0.19179598594629724 0.17475671356442543 0.21049663543570193 inf 10.0 0.0 gamma 0.00024999999999999995
0.2310206509856638 0.2310206509856638 0.21049663543570193 0.2535458159289315 inf 10.0 0.0 gamma 0.00024999999999999995
0.27826724797454105 0.27826724797454105 0.2535458159289315 0.3053990893583862 inf 10.0 0.0 gamma 0.00024999999999999995
0.33517636178823623 0.33517636178823623 0.3053990893583862 0.3678570022511224 inf 10.0 0.0 gamma 0.00024999999999999995
0.4037240973176873 0.4037240973176873 0.3678570022511224 0.443088335297508 inf 10.0 0.0 gamma 0.00024999999999999995
0.48629069748647796 0.48629069748647796 0.443088335297508 0.5337054118183987 inf 10.0 0.0 gamma 0.00024999999999999995
0.5857431945059303 0.5857431945059303 0.5337054118183987 0.6428548077506759 inf 10.0 0.0 gamma 0.00024999999999999995
0.705534964340033 0.705534964340033 0.6428548077506759 0.774326612953247 nan nan 1.0561542666974958e-18 significance 0.6597500000000001
0.8498256412968906 0.8498256412968906 0.774326612953247 0.9326860378093157 inf 10.0 1.3740634061213274e-05 gamma 0.61975
1.0236255566458432 1.0236255566458432 0.9326860378093157 1.1234319350159858 9.356089087975953e-10 10.0 0.28228279384178634 gamma 0.13275
1.2329697167285818 1.2329697167285818 1.1234319350159858 1.3531877410518223 2.7333827576852685e-11 16.9825201496922 6.223486762454491 significance 0.12975
1.4851273617582483 1.4851273617582483 1.3531877410518223 1.6299314675498144 4.046882835260997e-12 25.910161594455975 17.761431795345594 significance 0.12675
1.7888543819998315 1.7888543819998315 1.6299314675498144 1.9632727287671683 1.8029099998405602e-12 32.14756175241573 29.405945364486758 significance 0.12075000000000001
2.1546973561994753 2.1546973561994753 1.9632727287671683 2.3647864246188517 1.0965068589185706e-12 34.00413954264142 33.44268541127474 significance 0.11375000000000002
2.59535976965477 2.59535976965477 2.3647864246188517 2.8484146660424647 7.450567502979863e-13 32.86372335138856 30.93205223620624 significance 0.10675000000000001
3.126143128436118 3.126143128436118 2.8484146660424647 3.430950899100119 7.028369049114375e-13 27.73880255242298 20.869290345848594 significance 0.09875
3.7654782869537646 3.7654782869537646 3.430950899100119 4.132623038481584 5.733611746704609e-13 22.765161106104355 13.00930121591004 significance 0.09125
4.535565438621917 4.535565438621917 4.132623038481584 4.977795859062913 4.5062648097663024e-13 19.848471388336506 9.27121576092858 significance 0.08524999999999999
5.4631449925750735 5.4631449925750735 4.977795859062913 5.995817035276474 5.118890664089732e-13 18.21738830788039 7.460833219850844 significance 0.08075
6.580426104262422 6.580426104262422 5.995817035276474 7.222036206056712 3.9545700204554556e-13 16.15443819611449 5.4579275347012635 significance 0.07625000000000001
7.9262051020995745 7.9262051020995745 7.222036206056712 8.6990324512444 4.444289727972749e-13 13.833263175707883 3.5856821754124057 significance 0.07275000000000001
9.547212646283667 9.547212646283667 8.6990324512444 10.478092802185127 4.4910941923778116e-13 11.87414590302433 2.317551247874191 significance 0.06875
11.499736398344554 11.499736398344554 10.478092802185127 12.62099312613762 4.784957939396772e-13 10.989443896806248 1.837715548333346 significance 0.06625
13.851575546805027 13.851575546805027 12.62099312613762 15.202143223697599 4.1606856522082205e-13 10.61369111423928 1.6512612127039556 significance 0.06375
16.684395057652548 16.684395057652548 15.202143223697599 18.311170625329332 4.883432506520263e-13 10.122408968006523 1.4229941658196206 significance 0.06175
20.096561398318965 20.096561398318965 18.311170625329332 22.056032806430153 4.888850402779726e-13 10.0 1.1768544283176925 gamma 0.060750000000000005
24.206558202490054 24.206558202490054 22.056032806430153 26.56676588909091 5.503639079092304e-13 10.0 0.9650767029992015 gamma 0.06025
29.157100480859015 29.157100480859015 26.56676588909091 32.0 6.397918803649444e-13 10.0 0.7318423004479142 gamma 0.05825000000000001
