.Cen_A/tables/sens-SSST-Az-40deg-50h_200.0h.csv
# %ECSV 1.0
# ---
# datatype:
# - {name: energy, unit: TeV, datatype: float64, format: 5g, description: Reconstructed Energy}
# - {name: e_ref, unit: TeV, datatype: float64, format: 5g, description: Energy center}
# - {name: e_min, unit: TeV, datatype: float64, format: 5g, description: Energy edge low}
# - {name: e_max, unit: TeV, datatype: float64, format: 5g, description: Energy edge high}
# - {name: e2dnde, unit: erg / (s cm2), datatype: float64, format: 5g, description: Energy squared times differential flux}
# - {name: excess, datatype: float64, format: 5g, description: Number of excess counts in the bin}
# - {name: background, datatype: float64, format: 5g, description: Number of background counts in the bin}
# - {name: criterion, datatype: string, description: Sensitivity-limiting criterion}
# - {name: on_radii, unit: deg, datatype: float64, format: .3e}
# meta: !!omap
# - {source: Cen A}
# - {offset: 0.5 deg}
# - {on_region_radius: 0.11deg}
# - {livetime: 200.0 h}
# - {site: South-SSTSubArray}
# - {'azimuth-averaged ': AverageAz}
# - {zenith-angle: 40.0 deg}
# - {obs_time: 50.0 h}
# - {irfs_label: South-SSTSubArray (40deg-50h)}
# - irfs_config: [South-SSTSubArray, AverageAz, 40deg, 50h]
# - {int_sens: 3.106505751765204e-13 1 / (s cm2)}
# schema: astropy-2.0
energy e_ref e_min e_max e2dnde excess background criterion on_radii
0.10975028199737244 0.10975028199737244 0.10000000000000002 0.12045124398502766 inf 10.0 0.0 gamma 0.00024999999999999995
0.1321955799429109 0.1321955799429109 0.12045124398502766 0.14508502177540658 inf 10.0 0.0 gamma 0.00024999999999999995
0.15923122053445785 0.15923122053445785 0.14508502177540658 0.17475671356442543 inf 10.0 0.0 gamma 0.00024999999999999995
0.19179598594629724 0.19179598594629724 0.17475671356442543 0.21049663543570193 inf 10.0 0.0 gamma 0.00024999999999999995
0.2310206509856638 0.2310206509856638 0.21049663543570193 0.2535458159289315 inf 10.0 0.0 gamma 0.00024999999999999995
0.27826724797454105 0.27826724797454105 0.2535458159289315 0.3053990893583862 nan nan 1.2728310881303428e-18 significance 0.6597500000000001
0.33517636178823623 0.33517636178823623 0.3053990893583862 0.3678570022511224 inf 10.0 5.939701393061323e-05 gamma 0.63725
0.4037240973176873 0.4037240973176873 0.3678570022511224 0.443088335297508 5.051521612048804e-12 15.360237813000023 4.771997413454973 significance 0.11675
0.48629069748647796 0.48629069748647796 0.443088335297508 0.5337054118183987 2.990496437643403e-12 54.7217100745985 96.27773321146054 significance 0.11325
0.5857431945059303 0.5857431945059303 0.5337054118183987 0.6428548077506759 9.880220310994186e-13 75.84489018054609 193.98854211244355 significance 0.10925000000000001
0.705534964340033 0.705534964340033 0.6428548077506759 0.774326612953247 5.30194804189344e-13 87.06060075292301 259.68304052977237 significance 0.10525000000000001
0.8498256412968906 0.8498256412968906 0.774326612953247 0.9326860378093157 3.9610749489119697e-13 84.69150725121771 245.00813283489938 significance 0.10025
1.0236255566458432 1.0236255566458432 0.9326860378093157 1.1234319350159858 2.629394600501583e-13 79.51722956775083 214.4436773294041 significance 0.09575
1.2329697167285818 1.2329697167285818 1.1234319350159858 1.3531877410518223 2.2014591037617166e-13 68.34183960965399 155.38958228415413 significance 0.08875
1.4851273617582483 1.4851273617582483 1.3531877410518223 1.6299314675498144 1.8037462965270696e-13 57.415897589931014 106.84974216054741 significance 0.08225
1.7888543819998315 1.7888543819998315 1.6299314675498144 1.9632727287671683 1.5323511201520352e-13 48.33402070598101 73.42094159996888 significance 0.07675000000000001
2.1546973561994753 2.1546973561994753 1.9632727287671683 2.3647864246188517 1.3553286961910623e-13 40.62741998643024 49.97888357415586 significance 0.07175000000000001
2.59535976965477 2.59535976965477 2.3647864246188517 2.8484146660424647 1.1817957364737602e-13 33.84330228963419 33.08261330220613 significance 0.06725
3.126143128436118 3.126143128436118 2.8484146660424647 3.430950899100119 1.2128720578386238e-13 27.584844108298793 20.597849878024057 significance 0.06275
3.7654782869537646 3.7654782869537646 3.430950899100119 4.132623038481584 9.98461449667601e-14 22.443053258341777 12.564883244873966 significance 0.05825000000000001
4.535565438621917 4.535565438621917 4.132623038481584 4.977795859062913 9.196487707345467e-14 18.738777594417012 8.017729849951978 significance 0.05425000000000001
5.4631449925750735 5.4631449925750735 4.977795859062913 5.995817035276474 8.95279097419452e-14 16.01787465266671 5.336616726301475 significance 0.05075000000000001
6.580426104262422 6.580426104262422 5.995817035276474 7.222036206056712 7.679160020964477e-14 13.77147581270934 3.5413389395748505 significance 0.04775000000000001
7.9262051020995745 7.9262051020995745 7.222036206056712 8.6990324512444 8.110521592951302e-14 11.901351890356256 2.3332185319147616 significance 0.04525
9.547212646283667 9.547212646283667 8.6990324512444 10.478092802185127 9.213371144105365e-14 10.420030082736139 1.5591841351490472 significance 0.04325
11.499736398344554 11.499736398344554 10.478092802185127 12.62099312613762 9.838491691502433e-14 10.0 1.0507303534068309 gamma 0.04125000000000001
13.851575546805027 13.851575546805027 12.62099312613762 15.202143223697599 1.0329764241139755e-13 10.0 0.7487467556315381 gamma 0.040249999999999994
16.684395057652548 16.684395057652548 15.202143223697599 18.311170625329332 1.269373608289109e-13 10.0 0.567964427117011 gamma 0.03875000000000001
20.096561398318965 20.096561398318965 18.311170625329332 22.056032806430153 1.28421985856358e-13 10.0 0.48516123261351884 gamma 0.037250000000000005
24.206558202490054 24.206558202490054 22.056032806430153 26.56676588909091 1.6541869474759362e-13 10.0 0.4046415408125822 gamma 0.035750000000000004
29.157100480859015 29.157100480859015 26.56676588909091 32.0 1.8446137183550832e-13 10.0 0.287471407900878 gamma 0.03425
