Cen_A/tables/sens-N-LST-Az-40deg-50h.csv
# %ECSV 1.0
# ---
# datatype:
# - {name: energy, unit: TeV, datatype: float64, format: 5g, description: Reconstructed Energy}
# - {name: e_ref, unit: TeV, datatype: float64, format: 5g, description: Energy center}
# - {name: e_min, unit: TeV, datatype: float64, format: 5g, description: Energy edge low}
# - {name: e_max, unit: TeV, datatype: float64, format: 5g, description: Energy edge high}
# - {name: e2dnde, unit: erg / (s cm2), datatype: float64, format: 5g, description: Energy squared times differential flux}
# - {name: excess, datatype: float64, format: 5g, description: Number of excess counts in the bin}
# - {name: background, datatype: float64, format: 5g, description: Number of background counts in the bin}
# - {name: criterion, datatype: string, description: Sensitivity-limiting criterion}
# - {name: on_radii, unit: deg, datatype: float64, format: .3e}
# meta: !!omap
# - {source: Cen A}
# - {offset: 0.5 deg}
# - {on_region_radius: 0.11deg}
# - {livetime: 1000.0 h}
# - {site: North-LSTSubArray}
# - {'azimuth-averaged ': AverageAz}
# - {zenith-angle: 40.0 deg}
# - {obs_time: 50.0 h}
# - {irfs_label: North-LSTSubArray (40deg-50h)}
# - irfs_config: [North-LSTSubArray, AverageAz, 40deg, 50h]
# - {int_sens: 3.0249381943340127e-12 1 / (s cm2)}
# schema: astropy-2.0
energy e_ref e_min e_max e2dnde excess background criterion on_radii
0.10975028199737244 0.10975028199737244 0.10000000000000002 0.12045124398502766 1.6466518706045758e-12 4332.284825743853 43322.84825743853 bkg 0.13825000000000004
0.1321955799429109 0.1321955799429109 0.12045124398502766 0.14508502177540658 1.2295440945989223e-12 3019.9042993113035 30199.042993113035 bkg 0.13225000000000003
0.15923122053445785 0.15923122053445785 0.14508502177540658 0.17475671356442543 9.086484134617676e-13 2088.0588936313984 20880.588936313983 bkg 0.12625000000000003
0.19179598594629724 0.19179598594629724 0.17475671356442543 0.21049663543570193 6.599849243981138e-13 1425.78860369738 14257.8860369738 bkg 0.12025
0.2310206509856638 0.2310206509856638 0.21049663543570193 0.2535458159289315 4.499577793242073e-13 963.8283075846525 9638.283075846524 bkg 0.11425
0.27826724797454105 0.27826724797454105 0.2535458159289315 0.3053990893583862 3.2127592732549186e-13 645.6466615912985 6456.466615912985 bkg 0.10925000000000001
0.33517636178823623 0.33517636178823623 0.3053990893583862 0.3678570022511224 2.264248064914202e-13 420.89139193592985 4208.913919359298 bkg 0.10425000000000001
0.4037240973176873 0.4037240973176873 0.3678570022511224 0.443088335297508 1.8604234465140136e-13 277.21705844599614 2772.1705844599614 bkg 0.09975
0.48629069748647796 0.48629069748647796 0.443088335297508 0.5337054118183987 1.4935414856235784e-13 224.0177637957145 1834.9129305700249 significance 0.09525
0.5857431945059303 0.5857431945059303 0.5337054118183987 0.6428548077506759 1.364546677013238e-13 183.49729697352046 1220.0032126186522 significance 0.09125
0.705534964340033 0.705534964340033 0.6428548077506759 0.774326612953247 1.2672658242646364e-13 145.85913956526824 760.8977443821351 significance 0.08725000000000001
0.8498256412968906 0.8498256412968906 0.774326612953247 0.9326860378093157 1.0751240031821903e-13 112.56218888953161 444.7203849255109 significance 0.08324999999999999
1.0236255566458432 1.0236255566458432 0.9326860378093157 1.1234319350159858 9.57229085864179e-14 89.24617494198124 273.600331454344 significance 0.07975
1.2329697167285818 1.2329697167285818 1.1234319350159858 1.3531877410518223 8.98588851836246e-14 73.38572817708788 180.86514879812987 significance 0.07625000000000001
1.4851273617582483 1.4851273617582483 1.3531877410518223 1.6299314675498144 8.322314523395791e-14 60.97572951007269 121.66622242174674 significance 0.07275000000000001
1.7888543819998315 1.7888543819998315 1.6299314675498144 1.9632727287671683 7.94831722811673e-14 49.19265794935017 76.31264749894007 significance 0.06875
2.1546973561994753 2.1546973561994753 1.9632727287671683 2.3647864246188517 7.516772650626128e-14 39.15955347781216 46.02629837663585 significance 0.06525
2.59535976965477 2.59535976965477 2.3647864246188517 2.8484146660424647 7.04663065015257e-14 31.842031751044267 28.766735907401358 significance 0.06175
3.126143128436118 3.126143128436118 2.8484146660424647 3.430950899100119 6.995477916540281e-14 26.907993496032145 19.425846273615942 significance 0.058750000000000004
3.7654782869537646 3.7654782869537646 3.430950899100119 4.132623038481584 7.355091588767476e-14 23.12794492514621 13.519243669989965 significance 0.05575000000000001
4.535565438621917 4.535565438621917 4.132623038481584 4.977795859062913 8.059382402713427e-14 20.620707461286322 10.198351503324641 significance 0.053250000000000006
5.4631449925750735 5.4631449925750735 4.977795859062913 5.995817035276474 9.202106810635989e-14 18.965118809342318 8.265861380126472 significance 0.051250000000000004
6.580426104262422 6.580426104262422 5.995817035276474 7.222036206056712 8.795289049238887e-14 17.43976123524584 6.668274618636883 significance 0.04875
7.9262051020995745 7.9262051020995745 7.222036206056712 8.6990324512444 1.085131949736232e-13 15.931406869002126 5.260529320818907 significance 0.04525
9.547212646283667 9.547212646283667 8.6990324512444 10.478092802185127 1.2259099771273235e-13 14.57044456646396 4.136675449817534 significance 0.042249999999999996
11.499736398344554 11.499736398344554 10.478092802185127 12.62099312613762 1.388974556494943e-13 13.131251597139094 3.098572059165327 significance 0.040249999999999994
13.851575546805027 13.851575546805027 12.62099312613762 15.202143223697599 1.5575875798417628e-13 11.78623688995044 2.267299084538166 significance 0.03925000000000001
16.684395057652548 16.684395057652548 15.202143223697599 18.311170625329332 1.648783709300592e-13 10.612351788561085 1.6506150439839087 significance 0.038250000000000006
20.096561398318965 20.096561398318965 18.311170625329332 22.056032806430153 2.0523808843808274e-13 10.0 1.2260182181917527 gamma 0.037750000000000006
24.206558202490054 24.206558202490054 22.056032806430153 26.56676588909091 2.2180619941475282e-13 10.0 0.9495375898976693 gamma 0.037250000000000005
29.157100480859015 29.157100480859015 26.56676588909091 32.0 4.292518195448122e-13 10.0 0.8310470043980684 gamma 0.036250000000000004
