Cen_A/tables/sens-SSST-Az-40deg-50h.csv
# %ECSV 1.0
# ---
# datatype:
# - {name: energy, unit: TeV, datatype: float64, format: 5g, description: Reconstructed Energy}
# - {name: e_ref, unit: TeV, datatype: float64, format: 5g, description: Energy center}
# - {name: e_min, unit: TeV, datatype: float64, format: 5g, description: Energy edge low}
# - {name: e_max, unit: TeV, datatype: float64, format: 5g, description: Energy edge high}
# - {name: e2dnde, unit: erg / (s cm2), datatype: float64, format: 5g, description: Energy squared times differential flux}
# - {name: excess, datatype: float64, format: 5g, description: Number of excess counts in the bin}
# - {name: background, datatype: float64, format: 5g, description: Number of background counts in the bin}
# - {name: criterion, datatype: string, description: Sensitivity-limiting criterion}
# - {name: on_radii, unit: deg, datatype: float64, format: .3e}
# meta: !!omap
# - {source: Cen A}
# - {offset: 0.5 deg}
# - {on_region_radius: 0.11deg}
# - {livetime: 1000.0 h}
# - {site: South-SSTSubArray}
# - {'azimuth-averaged ': AverageAz}
# - {zenith-angle: 40.0 deg}
# - {obs_time: 50.0 h}
# - {irfs_label: South-SSTSubArray (40deg-50h)}
# - irfs_config: [South-SSTSubArray, AverageAz, 40deg, 50h]
# - {int_sens: 2.288178354164615e-13 1 / (s cm2)}
# schema: astropy-2.0
energy e_ref e_min e_max e2dnde excess background criterion on_radii
0.10975028199737244 0.10975028199737244 0.10000000000000002 0.12045124398502766 inf 10.0 0.0 gamma 0.00024999999999999995
0.1321955799429109 0.1321955799429109 0.12045124398502766 0.14508502177540658 inf 10.0 0.0 gamma 0.00024999999999999995
0.15923122053445785 0.15923122053445785 0.14508502177540658 0.17475671356442543 inf 10.0 0.0 gamma 0.00024999999999999995
0.19179598594629724 0.19179598594629724 0.17475671356442543 0.21049663543570193 inf 10.0 0.0 gamma 0.00024999999999999995
0.2310206509856638 0.2310206509856638 0.21049663543570193 0.2535458159289315 inf 10.0 0.0 gamma 0.00024999999999999995
0.27826724797454105 0.27826724797454105 0.2535458159289315 0.3053990893583862 nan nan 6.364155440651713e-18 significance 0.6597500000000001
0.33517636178823623 0.33517636178823623 0.3053990893583862 0.3678570022511224 inf 10.0 0.00029698506965306613 gamma 0.63725
0.4037240973176873 0.4037240973176873 0.3678570022511224 0.443088335297508 1.9319303240583635e-12 29.3722481013469 23.859987067274865 significance 0.11675
0.48629069748647796 0.48629069748647796 0.443088335297508 0.5337054118183987 1.2780336304692076e-12 116.93072914548303 481.38866605730266 significance 0.11325
0.5857431945059303 0.5857431945059303 0.5337054118183987 0.6428548077506759 4.275472157048483e-13 164.10196636024963 969.9427105622179 significance 0.10925000000000001
0.705534964340033 0.705534964340033 0.6428548077506759 0.774326612953247 2.30394885802143e-13 189.15988057450303 1298.415202648862 significance 0.10525000000000001
0.8498256412968906 0.8498256412968906 0.774326612953247 0.9326860378093157 1.719909912504638e-13 183.86645633445818 1225.0406641744974 significance 0.10025
1.0236255566458432 1.0236255566458432 0.9326860378093157 1.1234319350159858 1.1395278660402751e-13 172.30601086936255 1072.2183866470207 significance 0.09575
1.2329697167285818 1.2329697167285818 1.1234319350159858 1.3531877410518223 9.492526258852344e-14 147.34243892252977 776.9479114207708 significance 0.08875
1.4851273617582483 1.4851273617582483 1.3531877410518223 1.6299314675498144 7.724740111123438e-14 122.94491968827712 534.248710802737 significance 0.08225
1.7888543819998315 1.7888543819998315 1.6299314675498144 1.9632727287671683 6.51033290451312e-14 102.67573837070255 367.10470799984444 significance 0.07675000000000001
2.1546973561994753 2.1546973561994753 1.9632727287671683 2.3647864246188517 5.703753697507076e-14 85.4880434609743 249.89441787077928 significance 0.07175000000000001
2.59535976965477 2.59535976965477 2.3647864246188517 2.8484146660424647 4.914765269155384e-14 70.3725193589383 165.41306651103065 significance 0.06725
3.126143128436118 3.126143128436118 2.8484146660424647 3.430950899100119 4.963925661022682e-14 56.448293387394344 102.98924939012028 significance 0.06275
3.7654782869537646 3.7654782869537646 3.430950899100119 4.132623038481584 4.0068579226007485e-14 45.03234741084631 62.82441622436983 significance 0.05825000000000001
4.535565438621917 4.535565438621917 4.132623038481584 4.977795859062913 3.614985325576391e-14 36.82949848829308 40.0886492497599 significance 0.05425000000000001
5.4631449925750735 5.4631449925750735 4.977795859062913 5.995817035276474 3.445382905172178e-14 30.82151234434122 26.683083631507373 significance 0.05075000000000001
6.580426104262422 6.580426104262422 5.995817035276474 7.222036206056712 2.885823336226616e-14 25.876558221276362 17.70669469787425 significance 0.04775000000000001
7.9262051020995745 7.9262051020995745 7.222036206056712 8.6990324512444 2.967624819476924e-14 21.77341299839746 11.66609265957381 significance 0.04525
9.547212646283667 9.547212646283667 8.6990324512444 10.478092802185127 3.277439459641447e-14 18.53339957202304 7.795920675745236 significance 0.04325
11.499736398344554 11.499736398344554 10.478092802185127 12.62099312613762 3.133276159179403e-14 15.923559512103028 5.253651767034153 significance 0.04125000000000001
13.851575546805027 13.851575546805027 12.62099312613762 15.202143223697599 2.9027362263191847e-14 14.05035080451607 3.743733778157691 significance 0.040249999999999994
16.684395057652548 16.684395057652548 15.202143223697599 18.311170625329332 3.233114594700219e-14 12.735078835686076 2.8398221355850546 significance 0.03875000000000001
20.096561398318965 20.096561398318965 18.311170625329332 22.056032806430153 3.097599284874261e-14 12.060237443839924 2.4258061630675942 significance 0.037250000000000005
24.206558202490054 24.206558202490054 22.056032806430153 26.56676588909091 3.75307390357326e-14 11.34416490620948 2.023207704062911 significance 0.035750000000000004
29.157100480859015 29.157100480859015 26.56676588909091 32.0 3.7462156804214987e-14 10.154472026159903 1.4373570395043902 significance 0.03425
