NGC_1275/sensitivity/sens-SSST-Az-20deg-50h.csv
# %ECSV 1.0
# ---
# datatype:
# - {name: energy, unit: TeV, datatype: float64, format: 5g, description: Reconstructed Energy}
# - {name: e_ref, unit: TeV, datatype: float64, format: 5g, description: Energy center}
# - {name: e_min, unit: TeV, datatype: float64, format: 5g, description: Energy edge low}
# - {name: e_max, unit: TeV, datatype: float64, format: 5g, description: Energy edge high}
# - {name: e2dnde, unit: erg / (s cm2), datatype: float64, format: 5g, description: Energy squared times differential flux}
# - {name: excess, datatype: float64, format: 5g, description: Number of excess counts in the bin}
# - {name: background, datatype: float64, format: 5g, description: Number of background counts in the bin}
# - {name: criterion, datatype: string, description: Sensitivity-limiting criterion}
# - {name: on_radii, unit: deg, datatype: float64, format: .3e}
# meta: !!omap
# - {source: NGC 1275}
# - {offset: 0.5 deg}
# - {on_region_radius: 0.11deg}
# - {livetime: 50.0 h}
# - {site: South-SSTSubArray}
# - {'azimuth-averaged ': AverageAz}
# - {zenith-angle: 20.0 deg}
# - {obs_time: 50.0 h}
# - {irfs_label: South-SSTSubArray (20deg-50h)}
# - irfs_config: [South-SSTSubArray, AverageAz, 20deg, 50h]
# - {int_sens: 4.842665418567612e-13 1 / (s cm2)}
# schema: astropy-2.0
energy e_ref e_min e_max e2dnde excess background criterion on_radii
0.10975028199737244 0.10975028199737244 0.10000000000000002 0.12045124398502766 inf 10.0 0.0 gamma 0.00024999999999999995
0.1321955799429109 0.1321955799429109 0.12045124398502766 0.14508502177540658 inf 10.0 0.0 gamma 0.00024999999999999995
0.15923122053445785 0.15923122053445785 0.14508502177540658 0.17475671356442543 inf 10.0 0.0 gamma 0.00024999999999999995
0.19179598594629724 0.19179598594629724 0.17475671356442543 0.21049663543570193 inf 10.0 0.0 gamma 0.00024999999999999995
0.2310206509856638 0.2310206509856638 0.21049663543570193 0.2535458159289315 inf 10.0 0.0 gamma 0.00024999999999999995
0.27826724797454105 0.27826724797454105 0.2535458159289315 0.3053990893583862 nan nan 1.7304107492656042e-19 significance 0.6597500000000001
0.33517636178823623 0.33517636178823623 0.3053990893583862 0.3678570022511224 2.173624466508432e-10 10.0 4.3906021682065585e-06 gamma 0.63375
0.4037240973176873 0.4037240973176873 0.3678570022511224 0.443088335297508 1.8251522428610302e-11 10.0 0.26088109869680237 gamma 0.11075000000000002
0.48629069748647796 0.48629069748647796 0.443088335297508 0.5337054118183987 3.865370420931103e-12 16.304138541862287 5.592514603510165 significance 0.10875000000000001
0.5857431945059303 0.5857431945059303 0.5337054118183987 0.6428548077506759 2.1744996101967566e-12 22.662814122658155 12.867240157136132 significance 0.10725000000000001
0.705534964340033 0.705534964340033 0.6428548077506759 0.774326612953247 1.6461704207158673e-12 26.145091709667653 18.146505490265216 significance 0.10175000000000001
0.8498256412968906 0.8498256412968906 0.774326612953247 0.9326860378093157 1.0133622045986055e-12 25.84931200314103 17.662375738230665 significance 0.09425
1.0236255566458432 1.0236255566458432 0.9326860378093157 1.1234319350159858 6.407207359491055e-13 25.065113896679993 16.410915310490523 significance 0.08725000000000001
1.2329697167285818 1.2329697167285818 1.1234319350159858 1.3531877410518223 4.950080524487283e-13 23.963328106011875 14.731382898962174 significance 0.08225
1.4851273617582483 1.4851273617582483 1.3531877410518223 1.6299314675498144 3.7555302316078757e-13 22.53939334042839 12.696982371739566 significance 0.07725000000000001
1.7888543819998315 1.7888543819998315 1.6299314675498144 1.9632727287671683 3.303979447243902e-13 20.776857367152054 10.391297143718878 significance 0.07225000000000001
2.1546973561994753 2.1546973561994753 1.9632727287671683 2.3647864246188517 2.643780700197729e-13 18.825411181006203 8.112247691525155 significance 0.06725
2.59535976965477 2.59535976965477 2.3647864246188517 2.8484146660424647 2.5175876901041344e-13 16.618787904327167 5.880878566384742 significance 0.06225
3.126143128436118 3.126143128436118 2.8484146660424647 3.430950899100119 2.528828712711007e-13 14.33522797591623 3.9564661872319213 significance 0.05825000000000001
3.7654782869537646 3.7654782869537646 3.430950899100119 4.132623038481584 2.1727400814560305e-13 12.388679497451912 2.623102633660304 significance 0.05475000000000001
4.535565438621917 4.535565438621917 4.132623038481584 4.977795859062913 2.2118503305569304e-13 10.995978951837802 1.8410495951874521 significance 0.051750000000000004
5.4631449925750735 5.4631449925750735 4.977795859062913 5.995817035276474 2.326028871717916e-13 10.0 1.3343827267833983 gamma 0.04875
6.580426104262422 6.580426104262422 5.995817035276474 7.222036206056712 2.485805479746883e-13 10.0 0.8579139120313292 gamma 0.046250000000000006
7.9262051020995745 7.9262051020995745 7.222036206056712 8.6990324512444 2.9309987633923344e-13 10.0 0.4391232942120092 gamma 0.04325
9.547212646283667 9.547212646283667 8.6990324512444 10.478092802185127 3.3366668066970254e-13 10.0 0.22292132411423646 gamma 0.040249999999999994
11.499736398344554 11.499736398344554 10.478092802185127 12.62099312613762 4.101319531106822e-13 10.0 0.14886333144955868 gamma 0.037750000000000006
13.851575546805027 13.851575546805027 12.62099312613762 15.202143223697599 4.407267796589442e-13 10.0 0.12436856977360676 gamma 0.035750000000000004
16.684395057652548 16.684395057652548 15.202143223697599 18.311170625329332 6.188859802588648e-13 10.0 0.10182459145193179 gamma 0.03425
20.096561398318965 20.096561398318965 18.311170625329332 22.056032806430153 5.505374975763335e-13 10.0 0.07603520555944639 gamma 0.03225
24.206558202490054 24.206558202490054 22.056032806430153 26.56676588909091 8.024710261755913e-13 10.0 0.05886183290440901 gamma 0.03075
29.157100480859015 29.157100480859015 26.56676588909091 32.0 8.173924566709838e-13 10.0 0.0509284662240023 gamma 0.02975
