NGC_1275/sensitivity/sens-N-MST-Az-20deg-50h.csv
# %ECSV 1.0
# ---
# datatype:
# - {name: energy, unit: TeV, datatype: float64, format: 5g, description: Reconstructed Energy}
# - {name: e_ref, unit: TeV, datatype: float64, format: 5g, description: Energy center}
# - {name: e_min, unit: TeV, datatype: float64, format: 5g, description: Energy edge low}
# - {name: e_max, unit: TeV, datatype: float64, format: 5g, description: Energy edge high}
# - {name: e2dnde, unit: erg / (s cm2), datatype: float64, format: 5g, description: Energy squared times differential flux}
# - {name: excess, datatype: float64, format: 5g, description: Number of excess counts in the bin}
# - {name: background, datatype: float64, format: 5g, description: Number of background counts in the bin}
# - {name: criterion, datatype: string, description: Sensitivity-limiting criterion}
# - {name: on_radii, unit: deg, datatype: float64, format: .3e}
# meta: !!omap
# - {source: NGC 1275}
# - {offset: 0.5 deg}
# - {on_region_radius: 0.11deg}
# - {livetime: 50.0 h}
# - {site: North-MSTSubArray}
# - {'azimuth-averaged ': AverageAz}
# - {zenith-angle: 20.0 deg}
# - {obs_time: 50.0 h}
# - {irfs_label: North-MSTSubArray (20deg-50h)}
# - irfs_config: [North-MSTSubArray, AverageAz, 20deg, 50h]
# - {int_sens: 3.273692443526347e-12 1 / (s cm2)}
# schema: astropy-2.0
energy e_ref e_min e_max e2dnde excess background criterion on_radii
0.10975028199737244 0.10975028199737244 0.10000000000000002 0.12045124398502766 2.685991853054527e-12 327.9330643167193 3279.3306431671926 bkg 0.16875
0.1321955799429109 0.1321955799429109 0.12045124398502766 0.14508502177540658 1.8475486787368136e-12 235.2411123823601 2027.3535862852616 significance 0.15475
0.15923122053445785 0.15923122053445785 0.14508502177540658 0.17475671356442543 1.4514689926723177e-12 183.95595905285757 1226.2635585692906 significance 0.14025000000000004
0.19179598594629724 0.19179598594629724 0.17475671356442543 0.21049663543570193 1.3154747730871226e-12 145.01062791405374 751.7917230863469 significance 0.12775
0.2310206509856638 0.2310206509856638 0.21049663543570193 0.2535458159289315 1.0685709126160202e-12 113.93620244328879 456.096730873257 significance 0.11575
0.27826724797454105 0.27826724797454105 0.2535458159289315 0.3053990893583862 8.507973713764212e-13 88.66924019696594 269.89117871637245 significance 0.10525000000000001
0.33517636178823623 0.33517636178823623 0.3053990893583862 0.3678570022511224 6.972484193478687e-13 68.83415625482992 157.79082632884172 significance 0.09675
0.4037240973176873 0.4037240973176873 0.3678570022511224 0.443088335297508 7.071098561752569e-13 53.713410543807946 92.46329278753124 significance 0.08825
0.48629069748647796 0.48629069748647796 0.443088335297508 0.5337054118183987 5.394004734271145e-13 43.83620567515493 59.19021667296929 significance 0.08274999999999999
0.5857431945059303 0.5857431945059303 0.5337054118183987 0.6428548077506759 4.940467851381236e-13 35.95990313441153 37.97847993112935 significance 0.07725000000000001
0.705534964340033 0.705534964340033 0.6428548077506759 0.774326612953247 4.393719745863567e-13 29.416902610121795 23.944590158442526 significance 0.07275000000000001
0.8498256412968906 0.8498256412968906 0.774326612953247 0.9326860378093157 3.9007865621540727e-13 24.072464562499302 14.893643322759281 significance 0.06925
1.0236255566458432 1.0236255566458432 0.9326860378093157 1.1234319350159858 3.467221424303712e-13 19.806149614507195 9.2217061459955 significance 0.06525
1.2329697167285818 1.2329697167285818 1.1234319350159858 1.3531877410518223 3.3384420458092686e-13 16.866166405399554 6.112809529449062 significance 0.06275
1.4851273617582483 1.4851273617582483 1.3531877410518223 1.6299314675498144 3.020716185822411e-13 14.411492430803444 4.014443417584052 significance 0.05975
1.7888543819998315 1.7888543819998315 1.6299314675498144 1.9632727287671683 3.2089132298751184e-13 12.461221313386362 2.667752818120614 significance 0.057249999999999995
2.1546973561994753 2.1546973561994753 1.9632727287671683 2.3647864246188517 2.7710917190298726e-13 10.84529890456884 1.7649697176161745 significance 0.05475000000000001
2.59535976965477 2.59535976965477 2.3647864246188517 2.8484146660424647 3.0292624927077855e-13 10.0 1.1250750696068588 gamma 0.052250000000000005
3.126143128436118 3.126143128436118 2.8484146660424647 3.430950899100119 3.850964030460402e-13 10.0 0.7046107954873994 gamma 0.05075000000000001
3.7654782869537646 3.7654782869537646 3.430950899100119 4.132623038481584 4.050882573797454e-13 10.0 0.4349713278632057 gamma 0.04875
4.535565438621917 4.535565438621917 4.132623038481584 4.977795859062913 4.397222987444844e-13 10.0 0.312695705853825 gamma 0.04725
5.4631449925750735 5.4631449925750735 4.977795859062913 5.995817035276474 5.00272691887631e-13 10.0 0.25157915561587596 gamma 0.04575
6.580426104262422 6.580426104262422 5.995817035276474 7.222036206056712 5.791025524284188e-13 10.0 0.20363801787471264 gamma 0.04475
7.9262051020995745 7.9262051020995745 7.222036206056712 8.6990324512444 6.605514482959811e-13 10.0 0.154043993027397 gamma 0.042749999999999996
9.547212646283667 9.547212646283667 8.6990324512444 10.478092802185127 7.766390428642234e-13 10.0 0.11827103116026294 gamma 0.04125000000000001
11.499736398344554 11.499736398344554 10.478092802185127 12.62099312613762 1.0068212438949721e-12 10.0 0.08849908472714252 gamma 0.03925000000000001
13.851575546805027 13.851575546805027 12.62099312613762 15.202143223697599 1.1269254606763783e-12 10.0 0.06599383551749395 gamma 0.037250000000000005
16.684395057652548 16.684395057652548 15.202143223697599 18.311170625329332 1.5523155128866708e-12 10.0 0.05332597131132795 gamma 0.035750000000000004
20.096561398318965 20.096561398318965 18.311170625329332 22.056032806430153 1.6189202144769143e-12 10.0 0.046392475796003946 gamma 0.03425
24.206558202490054 24.206558202490054 22.056032806430153 26.56676588909091 1.8920505239082037e-12 10.0 0.041941050041367015 gamma 0.03275
29.157100480859015 29.157100480859015 26.56676588909091 32.0 2.082766460212617e-12 10.0 0.03976295877154755 gamma 0.03075
