Fornax_A/tables/sens-N-MST-Az-40deg-50h.csv
# %ECSV 1.0
# ---
# datatype:
# - {name: energy, unit: TeV, datatype: float64, format: 5g, description: Reconstructed Energy}
# - {name: e_ref, unit: TeV, datatype: float64, format: 5g, description: Energy center}
# - {name: e_min, unit: TeV, datatype: float64, format: 5g, description: Energy edge low}
# - {name: e_max, unit: TeV, datatype: float64, format: 5g, description: Energy edge high}
# - {name: e2dnde, unit: erg / (s cm2), datatype: float64, format: 5g, description: Energy squared times differential flux}
# - {name: excess, datatype: float64, format: 5g, description: Number of excess counts in the bin}
# - {name: background, datatype: float64, format: 5g, description: Number of background counts in the bin}
# - {name: criterion, datatype: string, description: Sensitivity-limiting criterion}
# - {name: on_radii, unit: deg, datatype: float64, format: .3e}
# meta: !!omap
# - {source: Fornax_A}
# - {offset: 0.5 deg}
# - {on_region_radius: 0.11deg}
# - {livetime: 200.0 h}
# - {site: North-MSTSubArray}
# - {'azimuth-averaged ': AverageAz}
# - {zenith-angle: 40.0 deg}
# - {obs_time: 50.0 h}
# - {irfs_label: North-MSTSubArray (40deg-50h)}
# - irfs_config: [North-MSTSubArray, AverageAz, 40deg, 50h]
# - {int_sens: 3.12552507486198e-12 1 / (s cm2)}
# schema: astropy-2.0
energy e_ref e_min e_max e2dnde excess background criterion on_radii
0.10975028199737244 0.10975028199737244 0.10000000000000002 0.12045124398502766 2.9796632334750253e-12 926.5335036029636 9265.335036029635 bkg 0.15875000000000003
0.1321955799429109 0.1321955799429109 0.12045124398502766 0.14508502177540658 1.8187351027271953e-12 772.1130145725913 7721.130145725912 bkg 0.15175
0.15923122053445785 0.15923122053445785 0.14508502177540658 0.17475671356442543 1.2197284410888723e-12 607.5056746507886 6075.056746507886 bkg 0.14475000000000002
0.19179598594629724 0.19179598594629724 0.17475671356442543 0.21049663543570193 9.21455533747192e-13 410.65902204256264 4106.590220425626 bkg 0.13475
0.2310206509856638 0.2310206509856638 0.21049663543570193 0.2535458159289315 5.6846354300549e-13 265.9263814371526 2602.4864068852426 significance 0.12475
0.27826724797454105 0.27826724797454105 0.2535458159289315 0.3053990893583862 4.651927999663019e-13 208.7420301266723 1588.4087498249532 significance 0.11575
0.33517636178823623 0.33517636178823623 0.3053990893583862 0.3678570022511224 4.0227053828218153e-13 161.05484834348803 933.2618401427432 significance 0.10775000000000001
0.4037240973176873 0.4037240973176873 0.3678570022511224 0.443088335297508 3.6064280305180307e-13 125.82853540086268 560.5708256823335 significance 0.09975
0.48629069748647796 0.48629069748647796 0.443088335297508 0.5337054118183987 2.9657893094126496e-13 104.01112545953863 377.1534788156316 significance 0.09475
0.5857431945059303 0.5857431945059303 0.5337054118183987 0.6428548077506759 2.6606993241613004e-13 87.30227669806756 261.2040896391938 significance 0.09025
0.705534964340033 0.705534964340033 0.6428548077506759 0.774326612953247 2.449057454668751e-13 71.9173569665428 173.24878125737268 significance 0.08574999999999999
0.8498256412968906 0.8498256412968906 0.774326612953247 0.9326860378093157 2.0654060538176095e-13 58.86605570214291 112.76899782670591 significance 0.08225
1.0236255566458432 1.0236255566458432 0.9326860378093157 1.1234319350159858 1.9051380970588854e-13 48.83873274426436 75.11390414726405 significance 0.07925000000000001
1.2329697167285818 1.2329697167285818 1.1234319350159858 1.3531877410518223 1.7674625935301675e-13 41.51707054876819 52.45426932893569 significance 0.07725000000000001
1.4851273617582483 1.4851273617582483 1.3531877410518223 1.6299314675498144 1.5498085780992372e-13 35.52736796030621 36.95030004149426 significance 0.07525000000000001
1.7888543819998315 1.7888543819998315 1.6299314675498144 1.9632727287671683 1.4645427412648616e-13 30.356500436057416 25.759881711483942 significance 0.07275000000000001
2.1546973561994753 2.1546973561994753 1.9632727287671683 2.3647864246188517 1.4985619109046744e-13 26.05255065759834 17.994321904702435 significance 0.07025
2.59535976965477 2.59535976965477 2.3647864246188517 2.8484146660424647 1.4372158235987547e-13 21.958666018080997 11.911345127638388 significance 0.06775
3.126143128436118 3.126143128436118 2.8484146660424647 3.430950899100119 1.415326865745142e-13 18.226050923946275 7.469918501792133 significance 0.06625
3.7654782869537646 3.7654782869537646 3.430950899100119 4.132623038481584 1.3122015741873152e-13 15.26906957871281 4.696279574690325 significance 0.06475
4.535565438621917 4.535565438621917 4.132623038481584 4.977795859062913 1.2426337292904393e-13 13.683522850004845 3.4787072441264577 significance 0.06325
5.4631449925750735 5.4631449925750735 4.977795859062913 5.995817035276474 1.4478817914758811e-13 12.996057035524785 3.008965700590151 significance 0.06225
6.580426104262422 6.580426104262422 5.995817035276474 7.222036206056712 1.3177368963866047e-13 12.129267326718196 2.4666119589476643 significance 0.06125
7.9262051020995745 7.9262051020995745 7.222036206056712 8.6990324512444 1.459131944623581e-13 10.93742488632627 1.8112879138941747 significance 0.05925
9.547212646283667 9.547212646283667 8.6990324512444 10.478092802185127 1.6156429662107726e-13 10.0 1.3573338950647718 gamma 0.05775
11.499736398344554 11.499736398344554 10.478092802185127 12.62099312613762 1.7715388630384156e-13 10.0 1.133875402926676 gamma 0.05625000000000001
13.851575546805027 13.851575546805027 12.62099312613762 15.202143223697599 1.976761600511273e-13 10.0 1.029353106769103 gamma 0.05475000000000001
16.684395057652548 16.684395057652548 15.202143223697599 18.311170625329332 2.363292796521197e-13 10.0 0.9020833739558176 gamma 0.053250000000000006
20.096561398318965 20.096561398318965 18.311170625329332 22.056032806430153 2.5014575907649107e-13 10.0 0.7550832023309086 gamma 0.051750000000000004
24.206558202490054 24.206558202490054 22.056032806430153 26.56676588909091 3.262668978104129e-13 10.0 0.6368451732896985 gamma 0.05025
29.157100480859015 29.157100480859015 26.56676588909091 32.0 4.358407448682227e-13 10.0 0.5491577617011953 gamma 0.04775000000000001
