M_87/tables/sens-N-MST-Az-40deg-50h.csv
# %ECSV 1.0
# ---
# datatype:
# - {name: energy, unit: TeV, datatype: float64, format: 5g, description: Reconstructed Energy}
# - {name: e_ref, unit: TeV, datatype: float64, format: 5g, description: Energy center}
# - {name: e_min, unit: TeV, datatype: float64, format: 5g, description: Energy edge low}
# - {name: e_max, unit: TeV, datatype: float64, format: 5g, description: Energy edge high}
# - {name: e2dnde, unit: erg / (s cm2), datatype: float64, format: 5g, description: Energy squared times differential flux}
# - {name: excess, datatype: float64, format: 5g, description: Number of excess counts in the bin}
# - {name: background, datatype: float64, format: 5g, description: Number of background counts in the bin}
# - {name: criterion, datatype: string, description: Sensitivity-limiting criterion}
# - {name: on_radii, unit: deg, datatype: float64, format: .3e}
# meta: !!omap
# - {source: M 87}
# - {offset: 0.5 deg}
# - {on_region_radius: 0.11deg}
# - {livetime: 200.0 h}
# - {site: North-MSTSubArray}
# - {'azimuth-averaged ': AverageAz}
# - {zenith-angle: 40.0 deg}
# - {obs_time: 50.0 h}
# - {irfs_label: North-MSTSubArray (40deg-50h)}
# - irfs_config: [North-MSTSubArray, AverageAz, 40deg, 50h]
# - {int_sens: 3.1255250746061408e-12 1 / (s cm2)}
# schema: astropy-2.0
energy e_ref e_min e_max e2dnde excess background criterion on_radii
0.10975028199737244 0.10975028199737244 0.10000000000000002 0.12045124398502766 2.9796632332311257e-12 926.5335035271212 9265.335035271211 bkg 0.15875000000000003
0.1321955799429109 0.1321955799429109 0.12045124398502766 0.14508502177540658 1.8187351025783238e-12 772.1130145093892 7721.130145093892 bkg 0.15175
0.15923122053445785 0.15923122053445785 0.14508502177540658 0.17475671356442543 1.219728440989031e-12 607.5056746010607 6075.056746010607 bkg 0.14475000000000002
0.19179598594629724 0.19179598594629724 0.17475671356442543 0.21049663543570193 9.21455533671767e-13 410.65902200894817 4106.590220089482 bkg 0.13475
0.2310206509856638 0.2310206509856638 0.21049663543570193 0.2535458159289315 5.684635429797418e-13 265.92638142510754 2602.486406672216 significance 0.12475
0.27826724797454105 0.27826724797454105 0.2535458159289315 0.3053990893583862 4.651927999466855e-13 208.74203011786992 1588.4087496949323 significance 0.11575
0.33517636178823623 0.33517636178823623 0.3053990893583862 0.3678570022511224 4.022705382655309e-13 161.0548483368216 933.2618400663505 significance 0.10775000000000001
0.4037240973176873 0.4037240973176873 0.3678570022511224 0.443088335297508 3.6064280303768597e-13 125.82853539593718 560.5708256364487 significance 0.09975
0.48629069748647796 0.48629069748647796 0.443088335297508 0.5337054118183987 2.965789309294999e-13 104.01112545541301 377.15347878476024 significance 0.09475
0.5857431945059303 0.5857431945059303 0.5337054118183987 0.6428548077506759 2.660699324058385e-13 87.30227669469085 261.2040896178129 significance 0.09025
0.705534964340033 0.705534964340033 0.6428548077506759 0.774326612953247 2.4490574545745076e-13 71.91735696377536 173.24878124319136 significance 0.08574999999999999
0.8498256412968906 0.8498256412968906 0.774326612953247 0.9326860378093157 2.065406053739551e-13 58.86605569991805 112.76899781747517 significance 0.08225
1.0236255566458432 1.0236255566458432 0.9326860378093157 1.1234319350159858 1.9051380969875646e-13 48.83873274243504 75.11390414111558 significance 0.07925000000000001
1.2329697167285818 1.2329697167285818 1.1234319350159858 1.3531877410518223 1.7674625934653001e-13 41.51707054724449 52.45426932464202 significance 0.07725000000000001
1.4851273617582483 1.4851273617582483 1.3531877410518223 1.6299314675498144 1.5498085780434947e-13 35.52736795902837 36.95030003846968 significance 0.07525000000000001
1.7888543819998315 1.7888543819998315 1.6299314675498144 1.9632727287671683 1.4645427412131731e-13 30.356500434986025 25.759881709375307 significance 0.07275000000000001
2.1546973561994753 2.1546973561994753 1.9632727287671683 2.3647864246188517 1.4985619108530592e-13 26.052550656701012 17.99432190322949 significance 0.07025
2.59535976965477 2.59535976965477 2.3647864246188517 2.8484146660424647 1.4372158235508767e-13 21.958666017348964 11.911345126663404 significance 0.06775
3.126143128436118 3.126143128436118 2.8484146660424647 3.430950899100119 1.4153268656998852e-13 18.226050923363502 7.469918501180693 significance 0.06625
3.7654782869537646 3.7654782869537646 3.430950899100119 4.132623038481584 1.3122015741473037e-13 15.269069578248107 4.69627957430591 significance 0.06475
4.535565438621917 4.535565438621917 4.132623038481584 4.977795859062913 1.2426337292539606e-13 13.683522849603149 3.4787072438417006 significance 0.06325
5.4631449925750735 5.4631449925750735 4.977795859062913 5.995817035276474 1.4478817914341588e-13 12.996057035150299 3.008965700343847 significance 0.06225
6.580426104262422 6.580426104262422 5.995817035276474 7.222036206056712 1.317736896349693e-13 12.129267326378113 2.46661195874575 significance 0.06125
7.9262051020995745 7.9262051020995745 7.222036206056712 8.6990324512444 1.4591319445844986e-13 10.93742488603333 1.811287913745905 significance 0.05925
9.547212646283667 9.547212646283667 8.6990324512444 10.478092802185127 1.6156429662107709e-13 10.0 1.3573338949536613 gamma 0.05775
11.499736398344554 11.499736398344554 10.478092802185127 12.62099312613762 1.7715388630384125e-13 10.0 1.133875402833859 gamma 0.05625000000000001
13.851575546805027 13.851575546805027 12.62099312613762 15.202143223697599 1.9767616005112703e-13 10.0 1.029353106684845 gamma 0.05475000000000001
16.684395057652548 16.684395057652548 15.202143223697599 18.311170625329332 2.3632927965211905e-13 10.0 0.9020833738819762 gamma 0.053250000000000006
20.096561398318965 20.096561398318965 18.311170625329332 22.056032806430153 2.501457590764906e-13 10.0 0.7550832022690999 gamma 0.051750000000000004
24.206558202490054 24.206558202490054 22.056032806430153 26.56676588909091 3.262668978104125e-13 10.0 0.636845173237569 gamma 0.05025
29.157100480859015 29.157100480859015 26.56676588909091 32.0 4.3584074486822274e-13 10.0 0.5491577616562443 gamma 0.04775000000000001
