M_87/tables/sens-S-MST-Az-60deg-50h_200.0h.csv
# %ECSV 1.0
# ---
# datatype:
# - {name: energy, unit: TeV, datatype: float64, format: 5g, description: Reconstructed Energy}
# - {name: e_ref, unit: TeV, datatype: float64, format: 5g, description: Energy center}
# - {name: e_min, unit: TeV, datatype: float64, format: 5g, description: Energy edge low}
# - {name: e_max, unit: TeV, datatype: float64, format: 5g, description: Energy edge high}
# - {name: e2dnde, unit: erg / (s cm2), datatype: float64, format: 5g, description: Energy squared times differential flux}
# - {name: excess, datatype: float64, format: 5g, description: Number of excess counts in the bin}
# - {name: background, datatype: float64, format: 5g, description: Number of background counts in the bin}
# - {name: criterion, datatype: string, description: Sensitivity-limiting criterion}
# - {name: on_radii, unit: deg, datatype: float64, format: .3e}
# meta: !!omap
# - {source: M 87}
# - {offset: 0.5 deg}
# - {on_region_radius: 0.11deg}
# - {livetime: 200.0 h}
# - {site: South-MSTSubArray}
# - {'azimuth-averaged ': AverageAz}
# - {zenith-angle: 60.0 deg}
# - {obs_time: 50.0 h}
# - {irfs_label: South-MSTSubArray (60deg-50h)}
# - irfs_config: [South-MSTSubArray, AverageAz, 60deg, 50h]
# - {int_sens: 1.9227368525241886e-12 1 / (s cm2)}
# schema: astropy-2.0
energy e_ref e_min e_max e2dnde excess background criterion on_radii
0.10975028199737244 0.10975028199737244 0.10000000000000002 0.12045124398502766 inf 10.0 0.0 gamma 0.00024999999999999995
0.1321955799429109 0.1321955799429109 0.12045124398502766 0.14508502177540658 inf 10.0 4.790450149595498e-13 gamma 0.00024999999999999995
0.15923122053445785 0.15923122053445785 0.14508502177540658 0.17475671356442543 inf 39.22250500372406 46.192446386110134 significance 0.6597500000000001
0.19179598594629724 0.19179598594629724 0.17475671356442543 0.21049663543570193 1.4242298795819947e-10 227.5834018182901 1895.010821007576 significance 0.6597500000000001
0.2310206509856638 0.2310206509856638 0.21049663543570193 0.2535458159289315 2.0499422929179904e-11 377.55586686005654 3775.558668600565 bkg 0.40975000000000006
0.27826724797454105 0.27826724797454105 0.2535458159289315 0.3053990893583862 1.6158058751551497e-12 197.7562189296187 1422.1214584384172 significance 0.16025
0.33517636178823623 0.33517636178823623 0.3053990893583862 0.3678570022511224 7.232626815935485e-13 224.23386925194254 1838.527756114326 significance 0.15025
0.4037240973176873 0.4037240973176873 0.3678570022511224 0.443088335297508 6.741580841858977e-13 233.9083617400677 2003.9994804352552 significance 0.14075000000000004
0.48629069748647796 0.48629069748647796 0.443088335297508 0.5337054118183987 4.785999022060832e-13 215.3733856764314 1693.2350455983735 significance 0.13325
0.5857431945059303 0.5857431945059303 0.5337054118183987 0.6428548077506759 4.206238374355816e-13 186.49308777892423 1261.1827458626722 significance 0.12625000000000003
0.705534964340033 0.705534964340033 0.6428548077506759 0.774326612953247 4.0332469613652767e-13 158.20174308684918 899.557749965932 significance 0.12075000000000001
0.8498256412968906 0.8498256412968906 0.774326612953247 0.9326860378093157 3.889798159156887e-13 130.73181141063398 606.7831734858145 significance 0.11575
1.0236255566458432 1.0236255566458432 0.9326860378093157 1.1234319350159858 3.0507800133185965e-13 110.01764649108571 424.0322895247371 significance 0.11175000000000002
1.2329697167285818 1.2329697167285818 1.1234319350159858 1.3531877410518223 2.798224503609393e-13 95.85095614675716 317.8696576147551 significance 0.10975000000000001
1.4851273617582483 1.4851273617582483 1.3531877410518223 1.6299314675498144 2.4827559662862297e-13 83.55739206167779 238.13439546990696 significance 0.10775000000000001
1.7888543819998315 1.7888543819998315 1.6299314675498144 1.9632727287671683 2.2712536267057966e-13 69.20292212452368 159.60155190315365 significance 0.10475000000000001
2.1546973561994753 2.1546973561994753 1.9632727287671683 2.3647864246188517 2.3992884532688913e-13 54.91707709966341 97.02576786682442 significance 0.10125
2.59535976965477 2.59535976965477 2.3647864246188517 2.8484146660424647 1.9781782528906528e-13 44.624387561295144 61.57268863739098 significance 0.09825
3.126143128436118 3.126143128436118 2.8484146660424647 3.430950899100119 2.381972461373779e-13 37.4885172356011 41.72613730651989 significance 0.09575
3.7654782869537646 3.7654782869537646 3.430950899100119 4.132623038481584 1.9215473405568811e-13 32.336604168721934 29.804999570004483 significance 0.09375
4.535565438621917 4.535565438621917 4.132623038481584 4.977795859062913 1.6902487954938195e-13 29.367631948879673 23.85124987201663 significance 0.09125
5.4631449925750735 5.4631449925750735 4.977795859062913 5.995817035276474 2.2560496536215213e-13 28.032832896302224 21.392686667418513 significance 0.08925
6.580426104262422 6.580426104262422 5.995817035276474 7.222036206056712 1.7771156882212572e-13 25.118248144331304 16.4942370290999 significance 0.08625
7.9262051020995745 7.9262051020995745 7.222036206056712 8.6990324512444 1.9614874375036809e-13 20.922052351472253 10.572359280486987 significance 0.08324999999999999
9.547212646283667 9.547212646283667 8.6990324512444 10.478092802185127 2.2271739166955795e-13 17.40312485686817 6.632056881823241 significance 0.07975
11.499736398344554 11.499736398344554 10.478092802185127 12.62099312613762 2.4269617076118235e-13 15.907220807726638 5.2393470624092 significance 0.07775000000000001
13.851575546805027 13.851575546805027 12.62099312613762 15.202143223697599 2.2662119607141098e-13 15.483402414687543 4.8752767900938725 significance 0.07625000000000001
16.684395057652548 16.684395057652548 15.202143223697599 18.311170625329332 3.068483518635781e-13 14.968344707261803 4.450925843554845 significance 0.07475000000000001
20.096561398318965 20.096561398318965 18.311170625329332 22.056032806430153 2.9032696255014585e-13 14.274564342945972 3.9106586212363745 significance 0.07275000000000001
24.206558202490054 24.206558202490054 22.056032806430153 26.56676588909091 3.4598410750991295e-13 13.608398473602225 3.4256664404531314 significance 0.07125000000000001
29.157100480859015 29.157100480859015 26.56676588909091 32.0 3.8885341889354356e-13 12.825556339725164 2.8978904649111454 significance 0.06975
